GBX2
[0, 0.09129798397851127, 0.05241011453318477, 0.39643317691833074, 0.04324814108011553, 0.08485326118638743, 0.055489147253193837]
[0, 0, 0.08378450432580219, 0.3751783484831141, 0.0827172682865923, 0.029214988613980888, 0.08592354320890357]
[0, 0, 0, 0.39643317691833074, 0.050364426255019815, 0.08378450432580219, 0.013492172399368788]
[0, 0, 0, 0, 0.3947766328986638, 0.37356804190636517, 0.3914744811690961]
[0, 0, 0, 0, 0, 0.08165154874670548, 0.050364426255019815]
[0, 0, 0, 0, 0, 0, 0.08485326118638743]
[0, 0, 0, 0, 0, 0, 0]
S100A4
[0, 0.14760376695940075, 0.0901777684634626, 0.5207380917811016, 0.1088354470300161, 0.15963611058983243, 0.0901777684634626]
[0, 0, 0.11262333386956744, 0.5945075819302337, 0.15560384281254716, 0.023231945920728678, 0.1088354470300161]
[0, 0, 0, 0.549381190830394, 0.10131658706548191, 0.12025698755638453, 0.016520491738718113]
[0, 0, 0, 0, 0.5791617780267287, 0.5867954317135458, 0.5567162126206238]
[0, 0, 0, 0, 0, 0.15963611058983243, 0.09387235721550453]
[0, 0, 0, 0, 0, 0, 0.11643044864346287]
[0, 0, 0, 0, 0, 0, 0]
BMP4
[0, 0.0835390882519926, 0.04708747009304746, 0.3655598873559355, 0.04523984267514201, 0.08536335184523272, 0.04448856480695357]
[0, 0, 0.07648292661389663, 0.3836834457991949, 0.0899435187513673, 0.035890018346854534, 0.07648292661389663]
[0, 0, 0, 0.38509587559516845, 0.04969541244844666, 0.08193089245756549, 0.01067049462446309]
[0, 0, 0, 0, 0.37108986632624974, 0.3879287401529776, 0.38509587559516845]
[0, 0, 0, 0, 0, 0.0899435187513673, 0.04795577699177156]
[0, 0, 0, 0, 0, 0, 0.08102014553326412]
[0, 0, 0, 0, 0, 0, 0]
LGI1
[0, 0.1021576536259117, 0.05100932667008569, 0.5098267909603269, 0.04303406321747038, 0.1021576536259117, 0.049674212832864904]
[0, 0, 0.08531916401749352, 0.45096388692976075, 0.08867337354378933, 0.03609995343690878, 0.0833138152291919]
[0, 0, 0, 0.46237529003126676, 0.03861146687635759, 0.0846501184780325, 0.004193301658358847]
[0, 0, 0, 0, 0.46467855479732434, 0.44644750143385425, 0.4635260382432126]
[0, 0, 0, 0, 0, 0.09001926892516306, 0.037982799614066184]
[0, 0, 0, 0, 0, 0, 0.08398166923592282]
[0, 0, 0, 0, 0, 0, 0]
RPS6KA3
[0, 0.06039761691886194, 0.04352401432902953, 0.3208334441629974, 0.032530609275827266, 0.056507188354288446, 0.056258792085059]
[0, 0, 0.05796373517880775, 0.3287968394408821, 0.05940807065260781, 0.027488188867964676, 0.07100852999255591]
[0, 0, 0, 0.3229969072016421, 0.04138317106949069, 0.052154443587964866, 0.023396392558453792]
[0, 0, 0, 0, 0.3096176197795135, 0.32661660534740006, 0.33348607793642526]
[0, 0, 0, 0, 0, 0.055364934176450484, 0.054090652198253604]
[0, 0, 0, 0, 0, 0, 0.06507378092456186]
[0, 0, 0, 0, 0, 0, 0]
NUP62
[0, 0.279694764241043, 0.2107813496841161, 0.6494829914539899, 0.20814673511748344, 0.2750013822164147, 0.20482724979955858]
[0, 0, 0.2398464426769663, 0.6233496926503861, 0.23802413964490005, 0.05794895243888806, 0.248431507115919]
[0, 0, 0, 0.6301305409945143, 0.17107143195559116, 0.2398464426769663, 0.04880842734933834]
[0, 0, 0, 0, 0.6532137433490901, 0.5981203769399943, 0.6232933091881416]
[0, 0, 0, 0, 0, 0.23453068354696388, 0.17788781878016474]
[0, 0, 0, 0, 0, 0, 0.248431507115919]
[0, 0, 0, 0, 0, 0, 0]
VAMP2
[0, 0.06545280809624218, 0.05926082246097786, 0.27213219981282105, 0.044000886066602136, 0.07799228514303573, 0.050067653221414966]
[0, 0, 0.05926082246097786, 0.27213219981282105, 0.050067653221414966, 0.02314552047698247, 0.044000886066602136]
[0, 0, 0, 0.2678280273110574, 0.037982799614066184, 0.06545280809624218, 0.014382032260752704]
[0, 0, 0, 0, 0.27646121616066266, 0.2550617616339844, 0.2678280273110574]
[0, 0, 0, 0, 0, 0.05618389506839454, 0.029045255913969063]
[0, 0, 0, 0, 0, 0, 0.050067653221414966]
[0, 0, 0, 0, 0, 0, 0]
MRPL21
[0, 0.28181415809223953, 0.19265829372467608, 0.5454103013426637, 0.20290934265659527, 0.23695774236006312, 0.204992677329522]
[0, 0, 0.23349932850536928, 0.6338725408939282, 0.3029092987143972, 0.11099761068966002, 0.23045481144671293]
[0, 0, 0, 0.550409462549711, 0.19475326715388563, 0.19056915588360626, 0.05191804397548183]
[0, 0, 0, 0, 0.5709174387119705, 0.5380799048467424, 0.5559723933431459]
[0, 0, 0, 0, 0, 0.2326161962278796, 0.19669383747016747]
[0, 0, 0, 0, 0, 0, 0.198759954479301]
[0, 0, 0, 0, 0, 0, 0]
DNASE1
[0, 0.28104685702020377, 0.22335780474074965, 0.5908635572554352, 0.2313323615290256, 0.2641065546890589, 0.2138989300235329]
[0, 0, 0.26914859048521633, 0.5856095953141286, 0.27358760573640617, 0.07110261418757993, 0.26578346986502177]
[0, 0, 0, 0.5448525393270522, 0.209213854923818, 0.26578346986502177, 0.041155947598714444]
[0, 0, 0, 0, 0.6095477975403575, 0.572633493087314, 0.570064997426291]
[0, 0, 0, 0, 0, 0.27527394708766395, 0.20610665213668106]
[0, 0, 0, 0, 0, 0, 0.2607639307716929]
[0, 0, 0, 0, 0, 0, 0]
INA
[0, 0.1050214834527774, 0.05820093451766371, 0.5084952069909499, 0.061088329806744855, 0.08758765149247494, 0.05748081924390616]
[0, 0, 0.10578874694680329, 0.5182764355176013, 0.11094250819900262, 0.0486916839998536, 0.1050214834527774]
[0, 0, 0, 0.49521643468565213, 0.05820093451766371, 0.08983877874529243, 0.019586885347919757]
[0, 0, 0, 0, 0.49797252414455173, 0.5112768513478421, 0.5140688508495262]
[0, 0, 0, 0, 0, 0.09642715826410186, 0.06036543818451494]
[0, 0, 0, 0, 0, 0, 0.08758765149247494]
[0, 0, 0, 0, 0, 0, 0]
SH3KBP1
[0, 0.1321008973298033, 0.09257218353344518, 0.5583233833258463, 0.07811589199113489, 0.1344922903482735, 0.12463838954323642]
[0, 0, 0.09654645475590035, 0.4948273221629773, 0.11284036345944908, 0.0453902672360002, 0.13475019217618667]
[0, 0, 0, 0.5255790051993122, 0.07367882968755991, 0.10283460134703805, 0.04097140950852652]
[0, 0, 0, 0, 0.5255790051993122, 0.5406819966705394, 0.5675139010229496]
[0, 0, 0, 0, 0, 0.11575922295210375, 0.10560727832527571]
[0, 0, 0, 0, 0, 0, 0.1379382947450826]
[0, 0, 0, 0, 0, 0, 0]
RPL39
[0, 0.10290084113511376, 0.05311953942645929, 0.19677319835061824, 0.08116018848017453, 0.08116018848017453, 0.06700882525188749]
[0, 0, 0.11029006346737247, 0.22219936210737928, 0.08833727674228764, 0.032756297626996146, 0.11029006346737247]
[0, 0, 0, 0.20515317379921225, 0.07405113051426673, 0.10290084113511376, 0.012931354825879577]
[0, 0, 0, 0, 0.19677319835061824, 0.22219936210737928, 0.20515317379921225]
[0, 0, 0, 0, 0, 0.08116018848017453, 0.07405113051426673]
[0, 0, 0, 0, 0, 0, 0.10290084113511376]
[0, 0, 0, 0, 0, 0, 0]
RPL7A
[0, 0.1261422556170631, 0.13058671306772351, 0.22888019846522661, 0.09858961644920994, 0.12762081696335165, 0.12762081696335165]
[0, 0, 0.1261422556170631, 0.2305760725625794, 0.12762081696335165, 0.049007546122302514, 0.13058671306772351]
[0, 0, 0, 0.20882329291376, 0.1100676023037527, 0.1129647570410255, 0.029278219096566097]
[0, 0, 0, 0, 0.2254999110529753, 0.2305760725625794, 0.20882329291376]
[0, 0, 0, 0, 0, 0.1261422556170631, 0.10430665223087648]
[0, 0, 0, 0, 0, 0, 0.11441754199891285]
[0, 0, 0, 0, 0, 0, 0]
UBA52
[0, 0.09052068439788143, 0.08182493481219198, 0.1575703815843838, 0.06473017766577448, 0.09052068439788143, 0.07322885217293695]
[0, 0, 0.10227410808690612, 0.1575703815843838, 0.10524147100821195, 0.0289763869715181, 0.09637437264991944]
[0, 0, 0, 0.16397383563791074, 0.07608327997619573, 0.11421465880203982, 0.018309540502413884]
[0, 0, 0, 0, 0.17368270908193845, 0.1512211373159727, 0.16397383563791074]
[0, 0, 0, 0, 0, 0.10822062090353651, 0.06755238231293126]
[0, 0, 0, 0, 0, 0, 0.10524147100821195]
[0, 0, 0, 0, 0, 0, 0]
RPL35
[0, 0.1351299961917488, 0.08833727674228764, 0.24593015532171736, 0.09136758389504131, 0.10361275386061289, 0.09441018441675211]
[0, 0, 0.11606117241739124, 0.25720856334512276, 0.13835580761629168, 0.05578779009137092, 0.10981113624803293]
[0, 0, 0, 0.23115135201221804, 0.07633702073245677, 0.10981113624803293, 0.01905728664402624]
[0, 0, 0, 0, 0.24220806331512068, 0.23115135201221804, 0.22750170977383832]
[0, 0, 0, 0, 0, 0.1255349825968167, 0.07931913201718636]
[0, 0, 0, 0, 0, 0, 0.09746517845747903]
[0, 0, 0, 0, 0, 0, 0]
RAC2
[0, 0.1135289765264359, 0.08012463429425469, 0.22605057668383854, 0.08012463429425469, 0.10952095095573222, 0.07438114738712029]
[0, 0, 0.11554105016782193, 0.24257366823814308, 0.12977876586780412, 0.042640256363260534, 0.10752494179359659]
[0, 0, 0, 0.24496410850877753, 0.09959360548635905, 0.10553423060494202, 0.01747312575515893]
[0, 0, 0, 0, 0.24019082270713898, 0.24496410850877753, 0.24496410850877753]
[0, 0, 0, 0, 0, 0.12364376233385596, 0.09174526702688182]
[0, 0, 0, 0, 0, 0, 0.10156859016942951]
[0, 0, 0, 0, 0, 0, 0]
EXT1
[0, 0.05315638495771789, 0.035171614064474936, 0.27744333829630846, 0.04127588942718341, 0.051720748851789074, 0.03563941386133458]
[0, 0, 0.04269165199954637, 0.27549401946016855, 0.049810832174255304, 0.015327355371257798, 0.0417475134012217]
[0, 0, 0, 0.28005033635899723, 0.03376996282331291, 0.04127588942718341, 0.00897811110284662]
[0, 0, 0, 0, 0.269530500680923, 0.27549401946016855, 0.2780942387493999]
[0, 0, 0, 0, 0, 0.049334111992941854, 0.032370926198139936]
[0, 0, 0, 0, 0, 0, 0.03986279433180735]
[0, 0, 0, 0, 0, 0, 0]
RPL18A
[0, 0.12025698755638453, 0.0878078026645261, 0.2244431202845147, 0.08992794541914079, 0.1291525699712775, 0.09632457267978117]
[0, 0, 0.12025698755638453, 0.2295408459424298, 0.11584845171824126, 0.04261959954530434, 0.13589418839760234]
[0, 0, 0, 0.2372529961591177, 0.09632457267978117, 0.12025698755638453, 0.036663247921137246]
[0, 0, 0, 0, 0.2372529961591177, 0.23210276132848506, 0.2372529961591177]
[0, 0, 0, 0, 0, 0.11804948044393682, 0.11804948044393682]
[0, 0, 0, 0, 0, 0, 0.13815492861729445]
[0, 0, 0, 0, 0, 0, 0]
DLX5
[0, 0.06353637354695962, 0.053594222986608736, 0.3809578330433263, 0.0353006331434893, 0.0787011698839008, 0.057307101856500835]
[0, 0, 0.07361209183380525, 0.4117303157835146, 0.0597926053740288, 0.01862004089954042, 0.07361209183380525]
[0, 0, 0, 0.38764797928776307, 0.05236067007694999, 0.08640012542859703, 0.015093388633463314]
[0, 0, 0, 0, 0.37509461100003616, 0.4117303157835146, 0.38764797928776307]
[0, 0, 0, 0, 0, 0.07234519964067167, 0.05482980810955776]
[0, 0, 0, 0, 0, 0, 0.08382501560267837]
[0, 0, 0, 0, 0, 0, 0]
MNS1
[0, 0.2940044660506197, 0.12183968400233618, 0.601170020946558, 0.11083031200504931, 0.2938161085673819, 0.1282040817800059]
[0, 0, 0.2870183875947091, 0.5806823056636052, 0.2791131760681349, 0.09522859628309227, 0.2860256673968279]
[0, 0, 0, 0.6271860181504639, 0.11136876920666233, 0.2842037653310518, 0.021819720706248585]
[0, 0, 0, 0, 0.5884952672685566, 0.5736782953657849, 0.6023489192389649]
[0, 0, 0, 0, 0, 0.2667385517969589, 0.11527706361622647]
[0, 0, 0, 0, 0, 0, 0.2842037653310518]
[0, 0, 0, 0, 0, 0, 0]